_C_119_562ec146_41 8c 0 108 0 0 73203031 0 64726573 0 65206164 0 736c6176 0 69746520 0 74207772 0 733a2025 0 74617475 0 73 
_C_119_562ec146_2e 84 0 12 0 0 1000 
_C_119_562ec146_51 8c 0 178 0 0 256d290a 0 45442028 0 54494154 0 5354414e 0 4c20494e 0 4d4f4445 0 54455220 0 204d4153 0 424f4e45 0 57495348 0 464f3a20 0 a494e 
_C_119_562ec146_50 8c 0 d8 0 0 646f6e65 0 6e636820 0 73746265 0 74205465 0 733a2025 0 74617475 0 a0a73 
_C_119_562ec146_61 84 0 8 0 0 40 
_C_119_562ec146_57 84 0 8 0 0 80 
_C_119_562ec146_45 8c 0 158 0 0 65202574 0 2074696d 0 78206174 0 65642025 0 63656976 0 2c207265 0 64206135 0 65637465 0 20457870 0 524f523a 0 a4552 
_C_119_562ec146_38 8c 0 f8 0 0 74657273 0 65676973 0 65642072 0 72616d6d 0 70726f67 0 20257420 0 7475733a 0 737461 
_C_119_562ec146_2c 84 0 12 0 0 400 
_C_119_562ec146_2 8c 0 1a0 0 0 74202574 0 65292061 0 77726974 0 65642028 0 63656976 0 65207265 0 20627974 0 6d616e64 0 20636f6d 0 6176653b 0 635f736c 0 47206932 0 44454255 
_C_119_562ec146_2b 84 0 12 0 0 100 
_C_119_562ec146_5e 84 0 8 0 0 5a 
_C_119_562ec146_29 84 0 12 0 0 40 
_C_119_562ec146_2a 84 0 12 0 0 80 
_C_119_562ec146_1 8c 0 198 0 0 74202574 0 64292061 0 28726561 0 76656420 0 65636569 0 74652072 0 64206279 0 6d6d616e 0 3b20636f 0 6c617665 0 32635f73 0 55472069 0 444542 
_C_119_562ec146_5f 84 0 8 0 0 50 
_C_119_562ec146_5a 84 0 8 0 0 90 
_C_119_562ec146_39 8c 0 e8 0 0 74657273 0 65676973 0 65642072 0 72696669 0 74207665 0 733a2025 0 74617475 0 73 
_C_119_562ec146_7 8c 0 190 0 0 73202578 0 64726573 0 6f206164 0 25782074 0 69746520 0 6b207772 0 626c6f63 0 61746120 0 653b2064 0 736c6176 0 6932635f 0 42554720 0 4445 
_C_119_562ec146_8 8c 0 178 0 0 74202574 0 65642061 0 74656374 0 6e206465 0 6974696f 0 636f6e64 0 61727420 0 3b207374 0 6c617665 0 32635f73 0 55472069 0 444542 
_C_119_562ec146_5d 84 0 8 0 0 a5 
_C_119_562ec146_23 84 0 12 0 0 2000 
_C_119_562ec146_42 8c 0 240 0 0 65616429 0 73732b72 0 64647265 0 76652061 0 28736c61 0 25306820 0 636d6420 0 69746520 0 2c207772 0 61727427 0 64207374 0 65617465 0 27726570 0 61746520 0 656e6572 0 25742067 0 75733a20 0 73746174 
_C_119_562ec146_32 8c 0 1b8 0 0 65202574 0 2074696d 0 68206174 0 65642025 0 70656374 0 2c206578 0 64202568 0 65697665 0 20526563 0 726f722e 0 65206572 0 6d706172 0 6120636f 0 446174 
_C_119_562ec146_44 8c 0 a8 0 0 2061636b 0 6164202b 0 74207265 0 733a2025 0 74617475 0 73 
_C_119_562ec146_34 8c 0 40 0 0 2e766364 0 64756d70 
_C_119_562ec146_40 8c 0 170 0 0 746f7027 0 65202773 0 65726174 0 2067656e 0 2035612c 0 64617461 0 65787420 0 7465206e 0 20777269 0 3a202574 0 61747573 0 7374 
_C_119_562ec146_3b 8c 0 200 0 0 69746529 0 732b7772 0 64726573 0 65206164 0 736c6176 0 30682028 0 6d642025 0 74652063 0 20777269 0 7274272c 0 27737461 0 61746520 0 656e6572 0 25742067 0 75733a20 0 73746174 
_C_119_562ec146_31 84 0 12 0 0 10000 
_C_119_562ec146_55 84 0 8 0 0 c8 
_C_119_562ec146_3a 8c 0 b8 0 0 626c6564 0 20656e61 0 636f7265 0 20257420 0 7475733a 0 737461 
_C_119_562ec146_6 8c 0 1b8 0 0 20283229 0 73202578 0 64726573 0 6d206164 0 2066726f 0 64202578 0 20726561 0 6c6f636b 0 74612062 0 3b206461 0 6c617665 0 32635f73 0 55472069 0 444542 
_C_119_562ec146_2d 84 0 12 0 0 800 
_C_119_562ec146_3d 8c 0 88 0 0 703d3d30 0 74207469 0 733a2025 0 74617475 0 73 
_C_119_562ec146_3 8c 0 1b8 0 0 20283129 0 73202578 0 64726573 0 6d206164 0 2066726f 0 64202578 0 20726561 0 6c6f636b 0 74612062 0 3b206461 0 6c617665 0 32635f73 0 55472069 0 444542 
_C_119_562ec146_4e 8c 0 120 0 0 41434b0a 0 76656420 0 65636569 0 4b2c2072 0 204e4143 0 63746564 0 45787065 0 4f523a20 0 a455252 
_C_119_562ec146_24 84 0 12 0 0 200 
_C_119_562ec146_30 84 0 12 0 0 8000 
_C_119_562ec146_46 8c 0 b0 0 0 64202578 0 65697665 0 20726563 0 3a202574 0 61747573 0 7374 
_C_119_562ec146_54 84 0 8 0 0 fa 
_C_119_562ec146_4c 8c 0 140 0 0 73203130 0 64726573 0 79206164 0 656d6f72 0 7665206d 0 20736c61 0 72697465 0 25742077 0 75733a20 0 73746174 
_C_119_562ec146_33 8c 0 f8 0 0 65640a0a 0 74617274 0 63682073 0 7462656e 0 20546573 0 3a202574 0 61747573 0 a7374 
_C_119_562ec146_3f 8c 0 c0 0 0 61206135 0 20646174 0 72697465 0 25742077 0 75733a20 0 73746174 
_C_119_562ec146_48 8c 0 160 0 0 72657373 0 20616464 0 72656164 0 33726420 0 726f6d20 0 25782066 0 76656420 0 65636569 0 25742072 0 75733a20 0 73746174 
_C_119_562ec146_16 84 0 5 0 0 1 
_C_119_562ec146_13 84 0 4 0 0 0 
_C_119_562ec146_a 84 0 3 0 0 7 
_C_119_562ec146_2f 84 0 12 0 0 4000 
_C_119_562ec146_17 84 0 4 0 0 1 
_C_119_562ec146_15 84 0 5 0 0 0 
_C_119_562ec146_4f 8c 0 d0 0 0 746f7027 0 65202773 0 65726174 0 2067656e 0 3a202574 0 61747573 0 7374 
_C_119_562ec146_1d 84 0 4 0 0 2 
_C_119_562ec146_10 84 0 3 0 0 5 
_C_119_562ec146_18 84 0 5 0 0 2 
_C_119_562ec146_d 84 0 3 0 0 4 
_C_119_562ec146_1b 84 0 4 0 0 4 
_C_119_562ec146_f 84 0 3 0 0 3 
_C_119_562ec146_1a 84 0 5 0 0 4 
_C_119_562ec146_e 84 0 3 0 0 2 
_C_119_562ec146_28 84 0 12 0 0 10 
_C_119_562ec146_14 84 0 2 0 0 0 
_C_119_562ec146_c 84 0 3 0 0 1 
_C_119_562ec146_b 84 0 3 0 0 0 
_C_119_562ec146_19 84 0 4 0 0 8 
_C_119_562ec146_1e 84 0 5 0 0 8 
_C_119_562ec146_9 8c 0 170 0 0 74202574 0 65642061 0 74656374 0 6e206465 0 6974696f 0 636f6e64 0 746f7020 0 653b2073 0 736c6176 0 6932635f 0 42554720 0 4445 
_C_119_562ec146_11 84 0 8 0 0 0 
_C_119_562ec146_5b 84 0 8 0 0 1 
_C_119_562ec146_1c 84 0 5 0 0 10 
_C_119_562ec146_26 84 0 12 0 0 4 
_C_119_562ec146_25 84 0 12 0 0 2 
_C_119_562ec146_1f 84 0 10 0 0 0 
_C_119_562ec146_4b 8c 0 2b8 0 0 72657373 0 20616464 0 616c6964 0 20696e76 0 6865636b 0 292e2043 0 72697465 0 73732b77 0 64647265 0 76652061 0 28736c61 0 25306820 0 636d6420 0 69746520 0 2c207772 0 61727427 0 20277374 0 72617465 0 67656e65 0 20257420 0 7475733a 0 737461 
_C_119_562ec146_4a 8c 0 160 0 0 72657373 0 20616464 0 72656164 0 34746820 0 726f6d20 0 25782066 0 76656420 0 65636569 0 25742072 0 75733a20 0 73746174 
_C_119_562ec146_20 84 0 12 0 0 0 
_C_119_562ec146_21 84 0 12 0 0 1 
_C_119_562ec146_12 84 0 10 0 0 ffff 
_C_119_562ec146_5c 84 0 8 0 0 10 
_C_119_562ec146_27 84 0 12 0 0 8 
_C_119_562ec146_47 8c 0 158 0 0 65202574 0 2074696d 0 78206174 0 65642025 0 63656976 0 2c207265 0 64203561 0 65637465 0 20457870 0 524f523a 0 a4552 
_C_119_562ec146_59 84 0 20 0 0 4 
_C_119_562ec146_49 8c 0 b0 0 0 6e61636b 0 64202b20 0 20726561 0 3a202574 0 61747573 0 7374 
_C_119_562ec146_60 84 0 8 0 0 28 
_C_119_562ec146_53 84 0 20 0 0 0 
_C_119_562ec146_35 84 0 20 0 0 1 
_C_119_562ec146_36 84 0 20 0 0 2 
_C_119_562ec146_58 84 0 20 0 0 3 
_C_119_562ec146_3c 84 0 8 0 0 20 
_C_119_562ec146_43 84 0 8 0 0 21 
_C_119_562ec146_4 8c 0 180 0 0 5d3d2578 0 2c205b32 0 5d3d2578 0 2c205b31 0 5d3d2578 0 6b205b30 0 63686563 0 206d656d 0 6176653b 0 635f736c 0 47206932 0 44454255 
_C_119_562ec146_56 94 0 20 0 0 0 
_C_119_562ec146_4d 8c 0 c8 0 0 6e61636b 0 666f7220 0 65636b20 0 74204368 0 733a2025 0 74617475 0 73 
_C_119_562ec146_52 94 0 20 0 0 1 
_C_119_562ec146_3e 8c 0 140 0 0 73203031 0 64726573 0 79206164 0 656d6f72 0 7665206d 0 20736c61 0 72697465 0 25742077 0 75733a20 0 73746174 
_C_119_562ec146_22 84 0 12 0 0 20 
_C_119_562ec146_37 8c 0 a8 0 0 65736574 0 6e652072 0 7420646f 0 733a2025 0 74617475 0 73 
_C_119_562ec146_5 8c 0 188 0 0 6b3d2562 0 2c206163 0 723d2578 0 2e206164 0 69766564 0 72656365 0 65737320 0 61646472 0 76653b20 0 5f736c61 0 20693263 0 45425547 0 44 
